48
49
50
51
52
53
54
55
56
61
63
76
12290
19968
19971
19977
19978
19979
19982
20002
20010
20013
20026
20043
20080
20102
20108
20110
20116
20139
20146
20154
20196
20208
20301
20313
20316
20320
20415
20462
20809
20837
20840
20987
20992
20998
20999
21033
21040
21046
21051
21069
21098
21106
21160
21306
21313
21367
21463
21475
21483
21487
21507
21516
21518
21521
21563
21697
21917
22235
22238
22312
22320
22330
22768
22825
22899
22902
23376
23401
23427
23478
23545
23558
24049
24102
24180
24182
24215
24320
24323
24418
24433
24494
24847
25152
25165
25226
25242
25351
25509
25720
25972
26041
26085
26089
26102
26376
26377
26395
26412
26421
26479
26524
26631
26681
26893
27133
27425
27492
27493
27700
27833
27927
27975
28129
28201
28982
29031
29038
29289
29399
29992
30002
30005
30333
30340
30382
30406
30416
30446
30452
30475
30524
30528
30529
30555
30693
30862
30871
31435
31505
31532
32418
32511
32533
33258
33267
33268
33394
33909
34013
34121
34507
34892
34903
34915
34920
35282
36141
36187
36208
36275
36305
36339
36523
36731
36793
36807
36827
36935
36947
37096
37221
38024
38236
38376
38388
38452
38480
38754
39135
39184
39321
40784
65281
65283
65284
65285
65286
65288
65290
65291
65292
65306
65309
65311
65312
65374